Transform:
  LHS: L515_East
  R:
  - - 0.5502040966921725
    - -0.4536822597436479
    - -0.7010334222967176
  - - -0.7255529476680747
    - 0.15582486600113488
    - -0.670292123828034
  - - 0.41333808451837467
    - 0.8774343384719033
    - -0.2434350212213834
  RHS: L515_Center
  T:
  - - -.01534397392812458
  - - .12436390406159136
  - - .10923112929667948
camera_matrix:
- - 2746.966195775543
  - 0.0
  - 135.65076433843439
- - 0.0
  - 7194.5187760678045
  - 677.2609024323824
- - 0.0
  - 0.0
  - 1.0
distortion_coefficients:
- - 0.7681655471344649
  - -2.9224643143438573
  - 0.029860202435645557
  - -0.13468634669997037
  - 14.23241738892124
