camera_matrix:
- - 454.76918706884305
  - 0.0
  - 326.81890387804606
- - 0.0
  - 454.40075532550463
  - 181.47493203596744
- - 0.0
  - 0.0
  - 1.0
distortion_coefficients:
- - 0.16651059702963922
  - -0.6316700210752809
  - -0.0022883016815441067
  - 1.6072249403561857e-05
  - 0.6676013578263781
