Transform:
  LHS: L515_East
  R:
  - - -0.02855084176362417
    - -0.9399569703670254
    - 0.340096667571194
  - - 0.9976041465603229
    - -0.048242582970715236
    - -0.04958447291202617
  - - 0.06301441263900104
    - 0.3378661673603269
    - 0.9390823375790884
  RHS: L515_Center
  T:
  - - 0.11681685915426991
  - - 0.009855949130477932
  - - 0.01532699854539582
camera_matrix:
- - 454.76918706884305
  - 0.0
  - 326.81890387804606
- - 0.0
  - 454.40075532550463
  - 181.47493203596744
- - 0.0
  - 0.0
  - 1.0
distortion_coefficients:
- - 0.16651059702963922
  - -0.6316700210752809
  - -0.0022883016815441067
  - 1.6072249403561857e-05
  - 0.6676013578263781
