Transform:
  LHS: L515_West
  R:
  - - 0.5325492763887941
    - -0.6006933895692517
    - 0.5962874474157372
  - - 0.8313609558219163
    - 0.23902712006122773
    - -0.5017020998661508
  - - 0.15884026363816472
    - 0.7629111924746153
    - 0.626686750334104
  RHS: L515_Center
  T:
  - - -.03430350068533076
  - - .018760400348520712
  - - .1052667152633423
camera_matrix:
- - 3045.6658260817517
  - 0.0
  - 341.3672807285018
- - 0.0
  - 4489.861522705686
  - 699.2156185416067
- - 0.0
  - 0.0
  - 1.0
distortion_coefficients:
- - -2.579408852644651
  - 35.34323839574208
  - -0.01276803557961613
  - 0.12903415950597624
  - -234.71347834276511
