camera_matrix:
- - 476.9860407047584
  - 0.0
  - 284.0391630284923
- - 0.0
  - 473.31714699133835
  - 181.71227281734707
- - 0.0
  - 0.0
  - 1.0
distortion_coefficients:
- - 0.09667096971272542
  - -0.013071243897310143
  - -0.0036184892655792486
  - -0.034930392843740624
  - -0.10626231484703147
