Transform:
  LHS: L515_Center
  R:
  - - 1.0
    - 0.0
    - 0.0
  - - 0.0
    - 1.0
    - 0.0
  - - 0.0
    - 0.0
    - 1.0
  RHS: L515_Center
  T:
  - - 0.0
  - - 0.0
  - - 0.0
camera_matrix:
- - 1596.0078910078448
  - 0.0
  - 656.9977406829295
- - 0.0
  - 1595.2324075662154
  - 391.833734026109
- - 0.0
  - 0.0
  - 1.0
distortion_coefficients:
- - -0.03123550769898502
  - 11.070391775332942
  - 0.0076980116096145865
  - -0.010007623154077057
  - -159.03411860268213
