camera_matrix:
- - 465.44273544768595
  - 0.0
  - 302.00889550927775
- - 0.0
  - 465.17216678489035
  - 192.17904984226104
- - 0.0
  - 0.0
  - 1.0
distortion_coefficients:
- - 0.1106820229936581
  - -0.3284370025325311
  - 0.0059292964411721515
  - -0.009635538914476563
  - 0.27734156290352374
