Transform:
  LHS: L515_West
  R:
  - - 0.004660588735844218
    - 0.9866729716484864
    - -0.16264908831893335
  - - -0.995767149777722
    - 0.019509579035426973
    - 0.08981736886266611
  - - 0.09179358548497338
    - 0.1615420172716847
    - 0.9825874588654222
  RHS: L515_Center
  T:
  - - -0.06617986309758095
  - - 0.026694547250639248
  - - -0.06446292299591765
camera_matrix:
- - 476.9860407047584
  - 0.0
  - 284.0391630284923
- - 0.0
  - 473.31714699133835
  - 181.71227281734707
- - 0.0
  - 0.0
  - 1.0
distortion_coefficients:
- - 0.09667096971272542
  - -0.013071243897310143
  - -0.0036184892655792486
  - -0.034930392843740624
  - -0.10626231484703147
